==BEGIN DUMP_ARRAYS==
begin dump: R
44.72 257.15 245.97 257.15 223.61 212.43 245.97 257.15 223.61 257.15 156.52 257.15 223.61 257.15 245.97 212.43 223.61 257.15 245.97 257.15 
44.72 257.15 245.97 257.15 223.61 212.43 245.97 257.15 223.61 257.15 0.00 128.94 63.98 47.50 31.02 24.24 17.45 47.50 15.51 4.85 
9.69 31.99 15.51 -10.66 17.45 4.85 0.00 -10.66 -29.08 -92.10 0.00 128.94 63.98 47.50 31.02 24.24 17.45 47.50 15.51 4.85 
0.00 0.00 111.38 -7.09 54.00 -2.70 30.38 -7.09 27.00 -36.45 16.88 55.69 27.00 26.33 30.38 8.44 -0.00 26.33 -50.63 19.24 
0.00 -0.00 111.38 -7.09 54.00 -2.70 30.38 -7.09 27.00 -36.45 0.00 0.00 0.00 119.66 7.60 -4.56 63.82 -14.06 -4.56 47.10 
7.60 -20.89 28.87 40.27 -36.47 24.69 16.71 -93.45 27.35 26.21 -0.00 -0.00 -0.00 119.66 7.60 -4.56 63.82 -14.06 -4.56 47.10 
0.00 0.00 0.00 0.00 109.83 -5.20 12.14 9.25 55.50 13.30 -11.56 1.45 53.18 5.49 19.08 -7.23 -1.16 14.74 31.22 14.74 
0.00 0.00 -0.00 -0.00 109.83 -5.20 12.14 9.25 55.50 13.30 0.00 0.00 0.00 0.00 0.00 122.40 10.32 -4.59 -0.29 26.09 
49.31 -0.72 0.86 29.96 6.88 25.37 0.57 25.37 17.20 25.37 0.00 -0.00 0.00 0.00 -0.00 122.40 10.32 -4.59 -0.29 26.09 
0.00 0.00 0.00 0.00 0.00 0.00 104.62 -33.76 -14.06 -1.57 9.22 12.65 42.17 44.84 -64.06 -8.04 28.11 11.08 40.56 11.08 
0.00 0.00 -0.00 0.00 -0.00 -0.00 104.62 -33.76 -14.06 -1.57 0.00 0.00 0.00 0.00 0.00 0.00 0.00 113.47 21.16 55.01 
14.63 -21.01 7.01 -79.46 42.45 28.32 28.18 34.01 42.45 34.01 0.00 -0.00 0.00 0.00 0.00 0.00 0.00 113.47 21.16 55.01 
0.00 0.00 0.00 0.00 0.00 0.00 0.00 0.00 106.23 11.36 -0.90 4.21 -31.49 15.57 36.59 -4.66 74.74 15.57 36.59 15.57 
0.00 0.00 -0.00 -0.00 -0.00 0.00 -0.00 0.00 106.23 11.36 0.00 0.00 0.00 0.00 0.00 0.00 0.00 0.00 0.00 95.07 
-4.76 -82.98 9.02 12.09 17.94 -24.59 9.02 12.09 17.94 12.09 0.00 0.00 0.00 0.00 -0.00 -0.00 0.00 -0.00 -0.00 95.07 
0.00 0.00 0.00 0.00 0.00 0.00 0.00 0.00 0.00 0.00 95.79 0.11 -7.62 0.11 21.55 42.56 -7.62 0.11 21.55 0.11 
-0.00 -0.00 0.00 0.00 0.00 -0.00 0.00 0.00 0.00 -0.00 0.00 0.00 0.00 0.00 0.00 0.00 0.00 0.00 0.00 0.00 
0.00 67.50 15.15 67.50 33.33 25.42 15.15 67.50 33.33 67.50 -0.00 -0.00 -0.00 0.00 0.00 -0.00 -0.00 0.00 -0.00 -0.00 
0.00 0.00 0.00 0.00 0.00 0.00 0.00 0.00 0.00 0.00 0.00 0.00 90.44 -0.00 22.06 -5.51 90.44 -0.00 22.06 0.00 
0.00 0.00 0.00 -0.00 -0.00 0.00 0.00 0.00 0.00 0.00 0.00 0.00 0.00 0.00 0.00 0.00 0.00 0.00 0.00 0.00 
0.00 0.00 0.00 0.00 1.68 -18.52 -0.00 0.00 1.68 0.00 0.00 -0.00 0.00 -0.00 0.00 0.00 -0.00 -0.00 -0.00 0.00 
0.00 0.00 0.00 0.00 0.00 0.00 0.00 0.00 0.00 0.00 0.00 0.00 0.00 0.00 62.45 -15.13 -0.00 -0.00 62.45 -0.00 
-0.00 0.00 -0.00 0.00 0.00 -0.00 -0.00 0.00 -0.00 -0.00 0.00 0.00 0.00 0.00 0.00 0.00 0.00 0.00 0.00 0.00 
0.00 0.00 0.00 0.00 0.00 98.35 0.00 0.00 -0.00 0.00 0.00 0.00 0.00 -0.00 -0.00 0.00 0.00 -0.00 -0.00 0.00 
0.00 0.00 0.00 0.00 0.00 0.00 0.00 0.00 0.00 0.00 0.00 0.00 0.00 0.00 0.00 0.00 0.00 -0.00 0.00 -0.00 
-0.00 0.00 -0.00 0.00 -0.00 0.00 0.00 0.00 0.00 0.00 0.00 0.00 0.00 0.00 0.00 0.00 0.00 0.00 0.00 0.00 
0.00 0.00 0.00 0.00 0.00 0.00 0.00 0.00 -0.00 0.00 0.00 0.00 0.00 0.00 -0.00 -0.00 -0.00 0.00 0.00 -0.00 
0.00 0.00 0.00 0.00 0.00 0.00 0.00 0.00 0.00 0.00 0.00 0.00 0.00 0.00 0.00 0.00 0.00 0.00 0.00 -0.00 
-0.00 0.00 -0.00 0.00 0.00 0.00 0.00 0.00 -0.00 0.00 0.00 0.00 0.00 0.00 0.00 0.00 0.00 0.00 0.00 0.00 
0.00 0.00 0.00 0.00 0.00 0.00 0.00 0.00 0.00 0.00 0.00 0.00 0.00 0.00 -0.00 0.00 -0.00 -0.00 0.00 0.00 
0.00 0.00 0.00 0.00 0.00 0.00 0.00 0.00 0.00 0.00 0.00 0.00 0.00 0.00 0.00 0.00 0.00 0.00 0.00 0.00 
0.00 0.00 -0.00 0.00 0.00 -0.00 0.00 0.00 -0.00 -0.00 0.00 0.00 0.00 0.00 0.00 0.00 0.00 0.00 0.00 0.00 
0.00 0.00 0.00 0.00 0.00 0.00 0.00 0.00 0.00 0.00 0.00 0.00 -0.00 -0.00 0.00 -0.00 0.00 0.00 -0.00 -0.00 
0.00 0.00 0.00 0.00 0.00 0.00 0.00 0.00 0.00 0.00 0.00 0.00 0.00 0.00 0.00 0.00 0.00 0.00 0.00 0.00 
0.00 0.00 0.00 -0.00 0.00 0.00 0.00 -0.00 -0.00 -0.00 0.00 0.00 0.00 0.00 0.00 0.00 0.00 0.00 0.00 0.00 
0.00 0.00 0.00 0.00 0.00 0.00 0.00 0.00 0.00 0.00 0.00 0.00 0.00 0.00 -0.00 0.00 0.00 0.00 -0.00 0.00 
0.00 0.00 0.00 0.00 0.00 0.00 0.00 0.00 0.00 0.00 0.00 0.00 0.00 0.00 0.00 0.00 0.00 0.00 0.00 0.00 
0.00 0.00 0.00 0.00 0.00 -0.00 -0.00 -0.00 0.00 -0.00 0.00 0.00 0.00 0.00 0.00 0.00 0.00 0.00 0.00 0.00 
0.00 0.00 0.00 0.00 0.00 0.00 0.00 0.00 0.00 0.00 0.00 0.00 0.00 0.00 0.00 0.00 0.00 0.00 0.00 -0.00 
0.00 0.00 0.00 0.00 0.00 0.00 0.00 0.00 0.00 0.00 0.00 0.00 0.00 0.00 0.00 0.00 0.00 0.00 0.00 0.00 
0.00 0.00 0.00 0.00 0.00 0.00 0.00 -0.00 0.00 -0.00 0.00 0.00 0.00 0.00 0.00 0.00 0.00 0.00 0.00 0.00 
0.00 0.00 0.00 0.00 0.00 0.00 0.00 0.00 0.00 0.00 0.00 0.00 0.00 0.00 0.00 0.00 0.00 0.00 0.00 0.00 
0.00 0.00 0.00 0.00 0.00 0.00 0.00 0.00 0.00 0.00 0.00 0.00 0.00 0.00 0.00 0.00 0.00 0.00 0.00 0.00 
0.00 0.00 0.00 0.00 0.00 0.00 0.00 0.00 0.00 0.00 0.00 0.00 0.00 0.00 0.00 0.00 0.00 0.00 0.00 0.00 
0.00 0.00 0.00 0.00 0.00 0.00 0.00 0.00 0.00 0.00 0.00 0.00 0.00 0.00 0.00 0.00 0.00 0.00 0.00 0.00 
end   dump: R
begin dump: Q
0.22 -0.37 -0.19 -0.26 -0.15 -0.25 -0.11 -0.34 -0.16 -0.12 -0.00 -0.68 -0.00 0.45 -0.01 0.08 0.54 0.03 -0.16 -0.02 
-0.26 -0.29 -0.19 -0.31 0.06 0.06 0.08 0.15 -0.17 -0.29 0.22 -0.33 -0.12 -0.15 -0.02 -0.05 0.04 0.01 0.09 0.01 
0.34 0.33 0.35 -0.21 0.04 0.21 0.06 -0.27 0.05 -0.25 -0.04 -0.32 0.06 -0.07 0.09 -0.01 -0.23 -0.15 -0.11 0.11 
0.22 -0.29 -0.06 -0.03 0.11 0.16 0.20 0.37 0.33 0.15 -0.35 -0.14 -0.24 0.10 -0.04 0.27 0.09 0.12 0.03 -0.61 
-0.22 0.05 0.09 0.23 0.24 -0.04 -0.11 -0.31 0.04 0.16 0.22 -0.25 0.01 0.08 0.24 0.37 0.36 -0.16 -0.20 -0.17 
0.10 0.08 0.10 -0.16 -0.03 -0.28 0.08 -0.08 -0.12 -0.30 -0.01 -0.16 0.08 0.17 0.17 -0.59 -0.00 0.30 0.31 -0.33 
0.22 -0.21 0.08 0.19 0.37 -0.24 -0.36 -0.10 -0.02 0.35 -0.03 0.15 -0.16 0.03 0.19 -0.25 0.08 0.16 0.45 0.06 
-0.25 -0.41 0.42 0.02 -0.04 0.05 -0.04 0.09 -0.06 0.33 0.22 -0.17 0.15 0.31 -0.41 -0.07 -0.10 0.36 -0.25 -0.43 
0.15 0.09 -0.34 -0.33 0.32 -0.06 0.21 0.13 -0.11 0.13 0.14 -0.42 -0.07 0.05 -0.00 0.29 -0.05 -0.18 0.16 -0.25 
0.22 -0.14 0.21 0.42 -0.28 0.14 0.06 -0.16 0.17 0.19 -0.39 -0.07 0.21 -0.33 -0.03 0.19 0.17 0.12 -0.16 0.15 
-0.10 -0.23 -0.10 0.31 -0.53 -0.23 0.00 -0.07 -0.08 0.11 0.22 -0.10 0.28 -0.30 -0.09 0.32 -0.24 -0.05 0.33 -0.17 
0.10 0.08 0.10 -0.31 -0.03 -0.31 -0.07 0.05 -0.14 -0.23 -0.21 0.05 0.07 -0.31 -0.01 -0.04 0.45 -0.28 -0.48 -0.05 
0.22 -0.06 0.35 -0.19 0.04 -0.29 -0.00 0.29 -0.36 0.31 -0.18 0.06 0.18 -0.09 -0.11 -0.27 0.01 -0.48 0.09 0.04 
-0.45 0.01 -0.33 -0.19 -0.08 0.09 0.04 -0.10 0.47 0.24 0.22 -0.02 0.42 -0.07 0.17 -0.08 0.15 -0.23 0.06 -0.12 
0.27 0.09 -0.21 -0.38 -0.26 0.19 -0.04 -0.09 -0.30 -0.10 -0.42 0.22 0.09 0.12 0.00 0.36 -0.10 0.51 -0.11 -0.05 
0.22 0.02 -0.42 -0.01 -0.16 0.08 -0.29 -0.08 -0.21 -0.06 -0.21 0.34 -0.22 -0.23 -0.62 -0.04 0.24 0.18 -0.12 -0.18 
0.27 0.01 -0.19 -0.05 0.21 0.37 -0.06 -0.10 0.24 0.17 0.22 0.06 -0.35 0.10 -0.03 0.29 -0.14 0.27 0.03 0.08 
0.13 -0.13 0.38 0.01 0.12 -0.25 0.06 0.51 0.31 -0.24 -0.14 0.18 -0.31 -0.01 -0.25 0.06 -0.24 0.25 -0.02 -0.02 
0.22 0.10 -0.28 0.22 0.10 -0.32 0.10 -0.27 0.46 -0.12 -0.03 0.15 -0.16 -0.01 0.20 -0.26 0.23 -0.48 0.28 -0.22 
0.32 0.06 -0.24 0.30 -0.11 0.12 -0.09 0.06 -0.42 -0.07 0.22 0.14 -0.21 0.33 0.23 -0.11 0.25 0.09 -0.24 0.12 
0.31 -0.13 0.07 0.00 -0.12 0.26 0.24 0.00 0.26 -0.01 -0.03 0.09 -0.06 0.35 0.01 0.06 0.73 0.10 0.16 0.06 
0.22 0.17 -0.15 -0.39 0.41 0.07 -0.04 0.20 -0.08 -0.24 -0.25 0.02 -0.13 -0.19 0.28 0.22 0.10 0.04 0.26 -0.21 
0.11 0.24 0.08 -0.42 -0.38 -0.09 0.03 -0.15 0.23 -0.28 0.22 0.21 -0.08 -0.28 -0.37 0.24 0.22 -0.22 -0.13 0.52 
0.15 0.09 -0.34 -0.11 0.32 -0.02 0.40 0.02 -0.20 0.02 0.27 0.16 0.05 -0.29 0.05 -0.26 0.02 0.27 -0.04 0.59 
0.22 0.25 -0.01 -0.16 -0.24 -0.37 0.46 0.12 0.12 -0.17 -0.18 0.06 0.18 0.06 -0.12 -0.24 0.35 -0.12 -0.06 0.03 
0.03 0.26 0.64 0.10 -0.15 0.25 -0.05 -0.07 0.15 -0.16 0.22 0.29 0.06 -0.05 -0.11 -0.16 -0.34 0.19 0.29 0.12 
0.31 -0.13 0.07 0.00 -0.12 0.26 0.29 -0.15 0.13 0.24 -0.22 0.23 -0.00 -0.01 -0.04 -0.23 -0.31 -0.20 -0.12 -0.04 
0.22 0.33 0.12 0.06 0.02 0.04 -0.19 -0.33 -0.24 -0.19 -0.28 0.10 0.32 -0.34 0.28 0.19 0.04 0.00 0.46 0.22 
0.00 0.02 0.02 -0.17 0.46 -0.01 -0.00 0.19 -0.08 -0.18 0.22 0.37 0.19 0.18 0.15 0.25 -0.03 0.02 0.01 -0.06 
0.06 -0.38 -0.18 -0.16 -0.19 -0.28 0.21 0.21 -0.06 0.28 -0.20 0.30 -0.14 0.25 0.32 -0.14 -0.07 -0.33 -0.04 -0.05 
end   dump: Q
==END   DUMP_ARRAYS==
