==BEGIN DUMP_ARRAYS==
begin dump: A
1.00 1.00 1.00 1.00 1.00 1.00 1.00 1.00 1.00 1.00 1.00 1.00 1.00 1.00 1.00 1.00 1.00 1.00 1.00 1.00 
1.00 1.00 1.00 1.00 1.00 1.00 1.00 1.00 1.00 1.00 1.00 1.00 1.00 1.00 1.00 1.00 1.00 1.00 1.00 1.00 
1.00 1.00 0.98 0.98 0.98 0.98 0.98 0.98 0.98 0.98 0.98 0.98 0.98 0.98 0.98 0.98 0.98 0.98 0.98 0.98 
0.98 0.98 0.98 0.98 0.98 0.98 0.98 0.98 0.98 0.98 0.98 0.98 0.98 0.98 0.98 0.98 0.98 0.98 0.98 0.98 
1.00 0.98 1.00 0.95 0.95 0.95 0.95 0.95 0.95 0.95 0.95 0.95 0.95 0.95 0.95 0.95 0.95 0.95 0.95 0.95 
0.95 0.95 0.95 0.95 0.95 0.95 0.95 0.95 0.95 0.95 0.95 0.95 0.95 0.95 0.95 0.95 0.95 0.95 0.95 0.95 
1.00 0.98 0.95 1.00 0.93 0.93 0.93 0.93 0.93 0.93 0.93 0.93 0.93 0.93 0.93 0.93 0.93 0.93 0.93 0.93 
0.93 0.93 0.93 0.93 0.93 0.93 0.93 0.93 0.93 0.93 0.93 0.93 0.93 0.93 0.93 0.93 0.93 0.93 0.93 0.93 
1.00 0.98 0.95 0.93 1.00 0.90 0.90 0.90 0.90 0.90 0.90 0.90 0.90 0.90 0.90 0.90 0.90 0.90 0.90 0.90 
0.90 0.90 0.90 0.90 0.90 0.90 0.90 0.90 0.90 0.90 0.90 0.90 0.90 0.90 0.90 0.90 0.90 0.90 0.90 0.90 
1.00 0.98 0.95 0.93 0.90 1.00 0.87 0.87 0.87 0.87 0.87 0.87 0.87 0.87 0.87 0.87 0.87 0.87 0.87 0.87 
0.87 0.87 0.87 0.87 0.87 0.87 0.87 0.87 0.87 0.87 0.87 0.87 0.87 0.87 0.87 0.87 0.87 0.87 0.87 0.87 
1.00 0.98 0.95 0.93 0.90 0.87 1.00 0.85 0.85 0.85 0.85 0.85 0.85 0.85 0.85 0.85 0.85 0.85 0.85 0.85 
0.85 0.85 0.85 0.85 0.85 0.85 0.85 0.85 0.85 0.85 0.85 0.85 0.85 0.85 0.85 0.85 0.85 0.85 0.85 0.85 
1.00 0.98 0.95 0.93 0.90 0.87 0.85 1.00 0.82 0.82 0.82 0.82 0.82 0.82 0.82 0.82 0.82 0.82 0.82 0.82 
0.82 0.82 0.82 0.82 0.82 0.82 0.82 0.82 0.82 0.82 0.82 0.82 0.82 0.82 0.82 0.82 0.82 0.82 0.82 0.82 
1.00 0.98 0.95 0.93 0.90 0.87 0.85 0.83 1.00 0.80 0.80 0.80 0.80 0.80 0.80 0.80 0.80 0.80 0.80 0.80 
0.80 0.80 0.80 0.80 0.80 0.80 0.80 0.80 0.80 0.80 0.80 0.80 0.80 0.80 0.80 0.80 0.80 0.80 0.80 0.80 
1.00 0.98 0.95 0.93 0.90 0.87 0.85 0.83 0.80 1.00 0.77 0.77 0.77 0.77 0.77 0.77 0.77 0.77 0.77 0.77 
0.77 0.77 0.77 0.77 0.77 0.77 0.77 0.77 0.77 0.77 0.77 0.77 0.77 0.77 0.77 0.77 0.77 0.77 0.77 0.77 
1.00 0.98 0.95 0.93 0.90 0.87 0.85 0.83 0.80 0.78 1.00 0.75 0.75 0.75 0.75 0.75 0.75 0.75 0.75 0.75 
0.75 0.75 0.75 0.75 0.75 0.75 0.75 0.75 0.75 0.75 0.75 0.75 0.75 0.75 0.75 0.75 0.75 0.75 0.75 0.75 
1.00 0.98 0.95 0.93 0.90 0.87 0.85 0.83 0.80 0.78 0.75 1.00 0.73 0.73 0.73 0.73 0.73 0.73 0.73 0.73 
0.73 0.73 0.73 0.73 0.73 0.73 0.73 0.73 0.73 0.73 0.73 0.73 0.73 0.73 0.73 0.73 0.73 0.73 0.73 0.73 
1.00 0.98 0.95 0.93 0.90 0.87 0.85 0.83 0.80 0.78 0.75 0.73 1.00 0.70 0.70 0.70 0.70 0.70 0.70 0.70 
0.70 0.70 0.70 0.70 0.70 0.70 0.70 0.70 0.70 0.70 0.70 0.70 0.70 0.70 0.70 0.70 0.70 0.70 0.70 0.70 
1.00 0.98 0.95 0.93 0.90 0.87 0.85 0.83 0.80 0.78 0.75 0.73 0.70 1.00 0.67 0.67 0.67 0.67 0.67 0.67 
0.67 0.67 0.67 0.67 0.67 0.67 0.67 0.67 0.67 0.67 0.67 0.67 0.67 0.67 0.67 0.67 0.67 0.67 0.67 0.67 
1.00 0.98 0.95 0.93 0.90 0.87 0.85 0.83 0.80 0.78 0.75 0.73 0.70 0.67 1.00 0.65 0.65 0.65 0.65 0.65 
0.65 0.65 0.65 0.65 0.65 0.65 0.65 0.65 0.65 0.65 0.65 0.65 0.65 0.65 0.65 0.65 0.65 0.65 0.65 0.65 
1.00 0.98 0.95 0.93 0.90 0.87 0.85 0.83 0.80 0.78 0.75 0.73 0.70 0.67 0.65 1.00 0.63 0.63 0.63 0.63 
0.63 0.63 0.63 0.63 0.63 0.63 0.63 0.63 0.63 0.63 0.63 0.63 0.63 0.63 0.63 0.63 0.63 0.63 0.63 0.63 
1.00 0.98 0.95 0.93 0.90 0.87 0.85 0.83 0.80 0.78 0.75 0.73 0.70 0.67 0.65 0.63 1.00 0.60 0.60 0.60 
0.60 0.60 0.60 0.60 0.60 0.60 0.60 0.60 0.60 0.60 0.60 0.60 0.60 0.60 0.60 0.60 0.60 0.60 0.60 0.60 
1.00 0.98 0.95 0.93 0.90 0.87 0.85 0.83 0.80 0.78 0.75 0.73 0.70 0.67 0.65 0.63 0.60 1.00 0.57 0.57 
0.57 0.57 0.57 0.57 0.57 0.57 0.57 0.57 0.57 0.57 0.57 0.57 0.57 0.57 0.57 0.57 0.57 0.57 0.57 0.57 
1.00 0.98 0.95 0.93 0.90 0.87 0.85 0.83 0.80 0.78 0.75 0.73 0.70 0.67 0.65 0.63 0.60 0.57 1.00 0.55 
0.55 0.55 0.55 0.55 0.55 0.55 0.55 0.55 0.55 0.55 0.55 0.55 0.55 0.55 0.55 0.55 0.55 0.55 0.55 0.55 
1.00 0.98 0.95 0.93 0.90 0.87 0.85 0.83 0.80 0.78 0.75 0.73 0.70 0.67 0.65 0.63 0.60 0.57 0.55 1.00 
0.52 0.52 0.52 0.52 0.52 0.52 0.52 0.52 0.52 0.52 0.52 0.52 0.52 0.52 0.52 0.52 0.52 0.52 0.52 0.52 
1.00 0.98 0.95 0.93 0.90 0.87 0.85 0.83 0.80 0.78 0.75 0.73 0.70 0.67 0.65 0.63 0.60 0.57 0.55 0.52 
1.00 0.50 0.50 0.50 0.50 0.50 0.50 0.50 0.50 0.50 0.50 0.50 0.50 0.50 0.50 0.50 0.50 0.50 0.50 0.50 
1.00 0.98 0.95 0.93 0.90 0.87 0.85 0.83 0.80 0.78 0.75 0.73 0.70 0.67 0.65 0.63 0.60 0.57 0.55 0.52 
0.50 1.00 0.48 0.48 0.48 0.48 0.48 0.48 0.48 0.48 0.48 0.48 0.48 0.48 0.48 0.48 0.48 0.48 0.48 0.48 
1.00 0.98 0.95 0.93 0.90 0.87 0.85 0.83 0.80 0.78 0.75 0.73 0.70 0.67 0.65 0.63 0.60 0.57 0.55 0.52 
0.50 0.48 1.00 0.45 0.45 0.45 0.45 0.45 0.45 0.45 0.45 0.45 0.45 0.45 0.45 0.45 0.45 0.45 0.45 0.45 
1.00 0.98 0.95 0.93 0.90 0.87 0.85 0.83 0.80 0.78 0.75 0.73 0.70 0.67 0.65 0.63 0.60 0.57 0.55 0.52 
0.50 0.48 0.45 1.00 0.43 0.43 0.43 0.43 0.43 0.43 0.43 0.43 0.43 0.43 0.43 0.43 0.43 0.43 0.43 0.43 
1.00 0.98 0.95 0.93 0.90 0.87 0.85 0.83 0.80 0.78 0.75 0.73 0.70 0.67 0.65 0.63 0.60 0.57 0.55 0.52 
0.50 0.48 0.45 0.43 1.00 0.40 0.40 0.40 0.40 0.40 0.40 0.40 0.40 0.40 0.40 0.40 0.40 0.40 0.40 0.40 
1.00 0.98 0.95 0.93 0.90 0.87 0.85 0.83 0.80 0.78 0.75 0.73 0.70 0.67 0.65 0.63 0.60 0.57 0.55 0.52 
0.50 0.48 0.45 0.43 0.40 1.00 0.38 0.38 0.38 0.38 0.38 0.38 0.38 0.38 0.38 0.38 0.38 0.38 0.38 0.38 
1.00 0.98 0.95 0.93 0.90 0.87 0.85 0.83 0.80 0.78 0.75 0.73 0.70 0.67 0.65 0.63 0.60 0.57 0.55 0.52 
0.50 0.48 0.45 0.43 0.40 0.38 1.00 0.35 0.35 0.35 0.35 0.35 0.35 0.35 0.35 0.35 0.35 0.35 0.35 0.35 
1.00 0.98 0.95 0.93 0.90 0.87 0.85 0.83 0.80 0.78 0.75 0.73 0.70 0.67 0.65 0.63 0.60 0.57 0.55 0.52 
0.50 0.48 0.45 0.43 0.40 0.38 0.35 1.00 0.32 0.32 0.32 0.32 0.32 0.32 0.32 0.32 0.32 0.32 0.32 0.32 
1.00 0.98 0.95 0.93 0.90 0.87 0.85 0.83 0.80 0.78 0.75 0.73 0.70 0.67 0.65 0.63 0.60 0.57 0.55 0.52 
0.50 0.48 0.45 0.43 0.40 0.38 0.35 0.32 1.00 0.30 0.30 0.30 0.30 0.30 0.30 0.30 0.30 0.30 0.30 0.30 
1.00 0.98 0.95 0.93 0.90 0.87 0.85 0.83 0.80 0.78 0.75 0.73 0.70 0.67 0.65 0.63 0.60 0.57 0.55 0.52 
0.50 0.48 0.45 0.43 0.40 0.38 0.35 0.32 0.30 1.00 0.27 0.27 0.27 0.27 0.27 0.27 0.27 0.27 0.27 0.27 
1.00 0.98 0.95 0.93 0.90 0.87 0.85 0.83 0.80 0.78 0.75 0.73 0.70 0.67 0.65 0.63 0.60 0.57 0.55 0.52 
0.50 0.48 0.45 0.43 0.40 0.38 0.35 0.32 0.30 0.27 1.00 0.25 0.25 0.25 0.25 0.25 0.25 0.25 0.25 0.25 
1.00 0.98 0.95 0.93 0.90 0.87 0.85 0.83 0.80 0.78 0.75 0.73 0.70 0.67 0.65 0.63 0.60 0.57 0.55 0.52 
0.50 0.48 0.45 0.43 0.40 0.38 0.35 0.32 0.30 0.27 0.25 1.00 0.23 0.23 0.23 0.23 0.23 0.23 0.23 0.23 
1.00 0.98 0.95 0.93 0.90 0.87 0.85 0.83 0.80 0.78 0.75 0.73 0.70 0.67 0.65 0.63 0.60 0.57 0.55 0.52 
0.50 0.48 0.45 0.43 0.40 0.38 0.35 0.32 0.30 0.27 0.25 0.23 1.00 0.20 0.20 0.20 0.20 0.20 0.20 0.20 
1.00 0.98 0.95 0.93 0.90 0.87 0.85 0.83 0.80 0.78 0.75 0.73 0.70 0.67 0.65 0.63 0.60 0.57 0.55 0.52 
0.50 0.48 0.45 0.43 0.40 0.38 0.35 0.32 0.30 0.27 0.25 0.23 0.20 1.00 0.18 0.18 0.18 0.18 0.18 0.18 
1.00 0.98 0.95 0.93 0.90 0.87 0.85 0.83 0.80 0.78 0.75 0.73 0.70 0.67 0.65 0.63 0.60 0.57 0.55 0.52 
0.50 0.48 0.45 0.43 0.40 0.38 0.35 0.32 0.30 0.27 0.25 0.23 0.20 0.18 1.00 0.15 0.15 0.15 0.15 0.15 
1.00 0.98 0.95 0.93 0.90 0.87 0.85 0.83 0.80 0.78 0.75 0.73 0.70 0.67 0.65 0.63 0.60 0.57 0.55 0.52 
0.50 0.48 0.45 0.43 0.40 0.38 0.35 0.32 0.30 0.27 0.25 0.23 0.20 0.18 0.15 1.00 0.13 0.13 0.13 0.13 
1.00 0.98 0.95 0.93 0.90 0.87 0.85 0.83 0.80 0.78 0.75 0.73 0.70 0.67 0.65 0.63 0.60 0.57 0.55 0.52 
0.50 0.48 0.45 0.43 0.40 0.38 0.35 0.32 0.30 0.27 0.25 0.23 0.20 0.18 0.15 0.13 1.00 0.10 0.10 0.10 
1.00 0.98 0.95 0.93 0.90 0.87 0.85 0.83 0.80 0.78 0.75 0.73 0.70 0.67 0.65 0.63 0.60 0.57 0.55 0.52 
0.50 0.48 0.45 0.43 0.40 0.38 0.35 0.32 0.30 0.27 0.25 0.23 0.20 0.18 0.15 0.13 0.10 1.00 0.08 0.08 
1.00 0.98 0.95 0.93 0.90 0.87 0.85 0.83 0.80 0.78 0.75 0.73 0.70 0.67 0.65 0.63 0.60 0.57 0.55 0.52 
0.50 0.48 0.45 0.43 0.40 0.38 0.35 0.32 0.30 0.27 0.25 0.23 0.20 0.18 0.15 0.13 0.10 0.08 1.00 0.05 
1.00 0.98 0.95 0.93 0.90 0.87 0.85 0.83 0.80 0.78 0.75 0.73 0.70 0.67 0.65 0.63 0.60 0.57 0.55 0.52 
0.50 0.48 0.45 0.43 0.40 0.38 0.35 0.32 0.30 0.27 0.25 0.23 0.20 0.18 0.15 0.13 0.10 0.08 0.05 1.00 
end   dump: A
==END   DUMP_ARRAYS==
