==BEGIN DUMP_ARRAYS==
begin dump: A
0.05 0.05 0.05 0.05 0.05 0.05 0.05 0.05 0.05 0.05 0.05 0.05 0.05 0.05 0.05 0.05 0.05 0.05 0.05 0.05 
0.05 0.05 0.05 0.05 0.05 0.05 0.05 0.05 0.05 0.05 0.05 0.05 0.05 0.05 0.05 0.05 0.05 0.05 0.05 0.05 
0.10 0.12 0.15 0.18 0.20 0.22 0.25 0.27 0.30 0.32 0.35 0.38 0.40 0.43 0.45 0.48 0.50 0.52 0.55 0.57 
0.60 0.62 0.65 0.67 0.70 0.72 0.75 0.77 0.80 0.83 0.85 0.87 0.90 0.93 0.95 0.98 1.00 1.03 1.05 1.08 
0.15 0.20 0.25 0.30 0.35 0.40 0.45 0.50 0.55 0.60 0.65 0.70 0.75 0.80 0.85 0.90 0.95 1.00 1.05 1.10 
1.15 1.20 1.25 1.30 1.35 1.40 1.45 1.50 1.55 1.60 1.65 1.70 1.75 1.80 1.85 1.90 1.95 2.00 2.05 2.10 
0.20 0.28 0.35 0.42 0.50 0.57 0.65 0.72 0.80 0.88 0.95 1.02 1.10 1.18 1.25 1.33 1.40 1.48 1.55 1.63 
1.70 1.77 1.85 1.92 2.00 2.07 2.15 2.22 2.30 2.37 2.45 2.52 2.60 2.67 2.75 2.83 2.90 2.98 3.05 3.12 
0.25 0.35 0.45 0.55 0.65 0.75 0.85 0.95 1.05 1.15 1.25 1.35 1.45 1.55 1.65 1.75 1.85 1.95 2.05 2.15 
2.25 2.35 2.45 2.55 2.65 2.75 2.85 2.95 3.05 3.15 3.25 3.35 3.45 3.55 3.65 3.75 3.85 3.95 4.05 4.15 
0.30 0.42 0.55 0.67 0.80 0.92 1.05 1.17 1.30 1.43 1.55 1.68 1.80 1.93 2.05 2.18 2.30 2.43 2.55 2.68 
2.80 2.92 3.05 3.17 3.30 3.42 3.55 3.67 3.80 3.92 4.05 4.18 4.30 4.43 4.55 4.68 4.80 4.93 5.05 5.18 
0.35 0.50 0.65 0.80 0.95 1.10 1.25 1.40 1.55 1.70 1.85 2.00 2.15 2.30 2.45 2.60 2.75 2.90 3.05 3.20 
3.35 3.50 3.65 3.80 3.95 4.10 4.25 4.40 4.55 4.70 4.85 5.00 5.15 5.30 5.45 5.60 5.75 5.90 6.05 6.20 
0.40 0.57 0.75 0.92 1.10 1.27 1.45 1.62 1.80 1.98 2.15 2.32 2.50 2.67 2.85 3.03 3.20 3.38 3.55 3.72 
3.90 4.07 4.25 4.43 4.60 4.77 4.95 5.12 5.30 5.47 5.65 5.82 6.00 6.18 6.35 6.52 6.70 6.87 7.05 7.22 
0.45 0.65 0.85 1.05 1.25 1.45 1.65 1.85 2.05 2.25 2.45 2.65 2.85 3.05 3.25 3.45 3.65 3.85 4.05 4.25 
4.45 4.65 4.85 5.05 5.25 5.45 5.65 5.85 6.05 6.25 6.45 6.65 6.85 7.05 7.25 7.45 7.65 7.85 8.05 8.25 
0.50 0.73 0.95 1.17 1.40 1.63 1.85 2.07 2.30 2.52 2.75 2.97 3.20 3.42 3.65 3.88 4.10 4.32 4.55 4.77 
5.00 5.22 5.45 5.67 5.90 6.12 6.35 6.57 6.80 7.02 7.25 7.47 7.70 7.92 8.15 8.38 8.60 8.83 9.05 9.27 
0.55 0.80 1.05 1.30 1.55 1.80 2.05 2.30 2.55 2.80 3.05 3.30 3.55 3.80 4.05 4.30 4.55 4.80 5.05 5.30 
5.55 5.80 6.05 6.30 6.55 6.80 7.05 7.30 7.55 7.80 8.05 8.30 8.55 8.80 9.05 9.30 9.55 9.80 10.05 10.30 
0.60 0.88 1.15 1.43 1.70 1.98 2.25 2.53 2.80 3.07 3.35 3.62 3.90 4.17 4.45 4.73 5.00 5.27 5.55 5.82 
6.10 6.37 6.65 6.92 7.20 7.47 7.75 8.02 8.30 8.57 8.85 9.12 9.40 9.67 9.95 10.22 10.50 10.77 11.05 11.32 
0.65 0.95 1.25 1.55 1.85 2.15 2.45 2.75 3.05 3.35 3.65 3.95 4.25 4.55 4.85 5.15 5.45 5.75 6.05 6.35 
6.65 6.95 7.25 7.55 7.85 8.15 8.45 8.75 9.05 9.35 9.65 9.95 10.25 10.55 10.85 11.15 11.45 11.75 12.05 12.35 
0.70 1.03 1.35 1.68 2.00 2.33 2.65 2.97 3.30 3.62 3.95 4.28 4.60 4.92 5.25 5.57 5.90 6.22 6.55 6.87 
7.20 7.52 7.85 8.17 8.50 8.82 9.15 9.48 9.80 10.12 10.45 10.78 11.10 11.43 11.75 12.07 12.40 12.73 13.05 13.38 
0.75 1.10 1.45 1.80 2.15 2.50 2.85 3.20 3.55 3.90 4.25 4.60 4.95 5.30 5.65 6.00 6.35 6.70 7.05 7.40 
7.75 8.10 8.45 8.80 9.15 9.50 9.85 10.20 10.55 10.90 11.25 11.60 11.95 12.30 12.65 13.00 13.35 13.70 14.05 14.40 
0.80 1.18 1.55 1.93 2.30 2.68 3.05 3.42 3.80 4.17 4.55 4.92 5.30 5.67 6.05 6.42 6.80 7.17 7.55 7.92 
8.30 8.67 9.05 9.42 9.80 10.17 10.55 10.93 11.30 11.68 12.05 12.43 12.80 13.18 13.55 13.93 14.30 14.68 15.05 15.43 
0.85 1.25 1.65 2.05 2.45 2.85 3.25 3.65 4.05 4.45 4.85 5.25 5.65 6.05 6.45 6.85 7.25 7.65 8.05 8.45 
8.85 9.25 9.65 10.05 10.45 10.85 11.25 11.65 12.05 12.45 12.85 13.25 13.65 14.05 14.45 14.85 15.25 15.65 16.05 16.45 
0.90 1.33 1.75 2.17 2.60 3.03 3.45 3.87 4.30 4.73 5.15 5.57 6.00 6.42 6.85 7.27 7.70 8.13 8.55 8.97 
9.40 9.83 10.25 10.68 11.10 11.52 11.95 12.38 12.80 13.23 13.65 14.08 14.50 14.92 15.35 15.78 16.20 16.63 17.05 17.48 
0.95 1.40 1.85 2.30 2.75 3.20 3.65 4.10 4.55 5.00 5.45 5.90 6.35 6.80 7.25 7.70 8.15 8.60 9.05 9.50 
9.95 10.40 10.85 11.30 11.75 12.20 12.65 13.10 13.55 14.00 14.45 14.90 15.35 15.80 16.25 16.70 17.15 17.60 18.05 18.50 
1.00 1.48 1.95 2.42 2.90 3.37 3.85 4.32 4.80 5.27 5.75 6.22 6.70 7.17 7.65 8.12 8.60 9.08 9.55 10.03 
10.50 10.98 11.45 11.93 12.40 12.88 13.35 13.83 14.30 14.78 15.25 15.73 16.20 16.68 17.15 17.63 18.10 18.58 19.05 19.52 
1.05 1.55 2.05 2.55 3.05 3.55 4.05 4.55 5.05 5.55 6.05 6.55 7.05 7.55 8.05 8.55 9.05 9.55 10.05 10.55 
11.05 11.55 12.05 12.55 13.05 13.55 14.05 14.55 15.05 15.55 16.05 16.55 17.05 17.55 18.05 18.55 19.05 19.55 20.05 20.55 
1.10 1.62 2.15 2.67 3.20 3.72 4.25 4.77 5.30 5.82 6.35 6.87 7.40 7.92 8.45 8.97 9.50 10.02 10.55 11.08 
11.60 12.12 12.65 13.18 13.70 14.23 14.75 15.28 15.80 16.32 16.85 17.38 17.90 18.43 18.95 19.47 20.00 20.53 21.05 21.58 
1.15 1.70 2.25 2.80 3.35 3.90 4.45 5.00 5.55 6.10 6.65 7.20 7.75 8.30 8.85 9.40 9.95 10.50 11.05 11.60 
12.15 12.70 13.25 13.80 14.35 14.90 15.45 16.00 16.55 17.10 17.65 18.20 18.75 19.30 19.85 20.40 20.95 21.50 22.05 22.60 
1.20 1.77 2.35 2.92 3.50 4.07 4.65 5.22 5.80 6.38 6.95 7.52 8.10 8.68 9.25 9.83 10.40 10.98 11.55 12.13 
12.70 13.27 13.85 14.43 15.00 15.58 16.15 16.73 17.30 17.88 18.45 19.03 19.60 20.18 20.75 21.33 21.90 22.48 23.05 23.62 
1.25 1.85 2.45 3.05 3.65 4.25 4.85 5.45 6.05 6.65 7.25 7.85 8.45 9.05 9.65 10.25 10.85 11.45 12.05 12.65 
13.25 13.85 14.45 15.05 15.65 16.25 16.85 17.45 18.05 18.65 19.25 19.85 20.45 21.05 21.65 22.25 22.85 23.45 24.05 24.65 
1.30 1.92 2.55 3.17 3.80 4.42 5.05 5.67 6.30 6.92 7.55 8.18 8.80 9.42 10.05 10.67 11.30 11.93 12.55 13.18 
13.80 14.42 15.05 15.68 16.30 16.93 17.55 18.18 18.80 19.43 20.05 20.68 21.30 21.93 22.55 23.18 23.80 24.43 25.05 25.67 
1.35 2.00 2.65 3.30 3.95 4.60 5.25 5.90 6.55 7.20 7.85 8.50 9.15 9.80 10.45 11.10 11.75 12.40 13.05 13.70 
14.35 15.00 15.65 16.30 16.95 17.60 18.25 18.90 19.55 20.20 20.85 21.50 22.15 22.80 23.45 24.10 24.75 25.40 26.05 26.70 
1.40 2.07 2.75 3.42 4.10 4.77 5.45 6.12 6.80 7.47 8.15 8.83 9.50 10.18 10.85 11.52 12.20 12.88 13.55 14.23 
14.90 15.58 16.25 16.92 17.60 18.28 18.95 19.63 20.30 20.97 21.65 22.33 23.00 23.68 24.35 25.03 25.70 26.38 27.05 27.73 
1.45 2.15 2.85 3.55 4.25 4.95 5.65 6.35 7.05 7.75 8.45 9.15 9.85 10.55 11.25 11.95 12.65 13.35 14.05 14.75 
15.45 16.15 16.85 17.55 18.25 18.95 19.65 20.35 21.05 21.75 22.45 23.15 23.85 24.55 25.25 25.95 26.65 27.35 28.05 28.75 
1.50 2.22 2.95 3.67 4.40 5.12 5.85 6.57 7.30 8.02 8.75 9.48 10.20 10.93 11.65 12.38 13.10 13.83 14.55 15.28 
16.00 16.73 17.45 18.18 18.90 19.63 20.35 21.08 21.80 22.53 23.25 23.98 24.70 25.43 26.15 26.88 27.60 28.33 29.05 29.77 
1.55 2.30 3.05 3.80 4.55 5.30 6.05 6.80 7.55 8.30 9.05 9.80 10.55 11.30 12.05 12.80 13.55 14.30 15.05 15.80 
16.55 17.30 18.05 18.80 19.55 20.30 21.05 21.80 22.55 23.30 24.05 24.80 25.55 26.30 27.05 27.80 28.55 29.30 30.05 30.80 
1.60 2.38 3.15 3.93 4.70 5.48 6.25 7.02 7.80 8.57 9.35 10.12 10.90 11.68 12.45 13.23 14.00 14.78 15.55 16.32 
17.10 17.88 18.65 19.43 20.20 20.97 21.75 22.53 23.30 24.08 24.85 25.63 26.40 27.18 27.95 28.73 29.50 30.28 31.05 31.83 
1.65 2.45 3.25 4.05 4.85 5.65 6.45 7.25 8.05 8.85 9.65 10.45 11.25 12.05 12.85 13.65 14.45 15.25 16.05 16.85 
17.65 18.45 19.25 20.05 20.85 21.65 22.45 23.25 24.05 24.85 25.65 26.45 27.25 28.05 28.85 29.65 30.45 31.25 32.05 32.85 
1.70 2.53 3.35 4.18 5.00 5.82 6.65 7.47 8.30 9.12 9.95 10.78 11.60 12.43 13.25 14.08 14.90 15.73 16.55 17.38 
18.20 19.03 19.85 20.68 21.50 22.33 23.15 23.98 24.80 25.62 26.45 27.28 28.10 28.93 29.75 30.58 31.40 32.22 33.05 33.88 
1.75 2.60 3.45 4.30 5.15 6.00 6.85 7.70 8.55 9.40 10.25 11.10 11.95 12.80 13.65 14.50 15.35 16.20 17.05 17.90 
18.75 19.60 20.45 21.30 22.15 23.00 23.85 24.70 25.55 26.40 27.25 28.10 28.95 29.80 30.65 31.50 32.35 33.20 34.05 34.90 
1.80 2.68 3.55 4.43 5.30 6.17 7.05 7.92 8.80 9.67 10.55 11.43 12.30 13.18 14.05 14.93 15.80 16.68 17.55 18.43 
19.30 20.18 21.05 21.93 22.80 23.68 24.55 25.43 26.30 27.18 28.05 28.93 29.80 30.68 31.55 32.43 33.30 34.18 35.05 35.92 
1.85 2.75 3.65 4.55 5.45 6.35 7.25 8.15 9.05 9.95 10.85 11.75 12.65 13.55 14.45 15.35 16.25 17.15 18.05 18.95 
19.85 20.75 21.65 22.55 23.45 24.35 25.25 26.15 27.05 27.95 28.85 29.75 30.65 31.55 32.45 33.35 34.25 35.15 36.05 36.95 
1.90 2.82 3.75 4.68 5.60 6.52 7.45 8.37 9.30 10.23 11.15 12.08 13.00 13.92 14.85 15.78 16.70 17.63 18.55 19.47 
20.40 21.33 22.25 23.18 24.10 25.03 25.95 26.88 27.80 28.73 29.65 30.58 31.50 32.43 33.35 34.28 35.20 36.12 37.05 37.97 
1.95 2.90 3.85 4.80 5.75 6.70 7.65 8.60 9.55 10.50 11.45 12.40 13.35 14.30 15.25 16.20 17.15 18.10 19.05 20.00 
20.95 21.90 22.85 23.80 24.75 25.70 26.65 27.60 28.55 29.50 30.45 31.40 32.35 33.30 34.25 35.20 36.15 37.10 38.05 39.00 
2.00 2.97 3.95 4.93 5.90 6.88 7.85 8.82 9.80 10.77 11.75 12.73 13.70 14.68 15.65 16.62 17.60 18.58 19.55 20.52 
21.50 22.48 23.45 24.42 25.40 26.38 27.35 28.33 29.30 30.27 31.25 32.22 33.20 34.17 35.15 36.12 37.10 38.08 39.05 40.03 
end   dump: A
==END   DUMP_ARRAYS==
