==BEGIN DUMP_ARRAYS==
begin dump: C
30.64 29.99 29.33 28.68 28.03 27.38 26.72 26.07 25.42 24.76 24.11 23.46 22.81 22.15 21.50 20.85 20.20 19.55 18.89 18.24 
17.59 16.94 16.28 15.63 14.98 14.32 13.67 13.02 12.37 11.72 
33.66 32.93 32.21 31.48 30.75 30.02 29.30 28.57 27.84 27.11 26.39 25.66 24.93 24.20 23.48 22.75 22.02 21.29 20.56 19.84 
19.11 18.38 17.65 16.93 16.20 15.47 14.74 14.02 13.29 12.56 
36.68 35.88 35.08 34.27 33.47 32.67 31.87 31.06 30.26 29.46 28.66 27.85 27.05 26.25 25.45 24.65 23.84 23.04 22.24 21.43 
20.63 19.83 19.03 18.23 17.42 16.62 15.82 15.02 14.21 13.41 
39.70 38.83 37.95 37.07 36.20 35.32 34.44 33.56 32.69 31.81 30.93 30.05 29.18 28.30 27.42 26.54 25.67 24.79 23.91 23.03 
22.15 21.28 20.40 19.52 18.64 17.77 16.89 16.01 15.14 14.26 
42.73 41.77 40.82 39.87 38.92 37.96 37.01 36.06 35.11 34.15 33.20 32.25 31.30 30.35 29.39 28.44 27.49 26.53 25.58 24.63 
23.68 22.73 21.77 20.82 19.87 18.91 17.96 17.01 16.06 15.10 
45.75 44.72 43.69 42.67 41.64 40.61 39.59 38.56 37.53 36.50 35.47 34.45 33.42 32.39 31.37 30.34 29.31 28.28 27.25 26.23 
25.20 24.17 23.15 22.12 21.09 20.06 19.03 18.01 16.98 15.95 
48.77 47.67 46.57 45.47 44.36 43.26 42.16 41.05 39.95 38.85 37.75 36.65 35.54 34.44 33.34 32.23 31.13 30.03 28.93 27.83 
26.72 25.62 24.52 23.41 22.31 21.21 20.11 19.00 17.90 16.80 
51.80 50.62 49.44 48.26 47.08 45.91 44.73 43.55 42.38 41.20 40.02 38.84 37.67 36.49 35.31 34.13 32.95 31.78 30.60 29.42 
28.24 27.07 25.89 24.71 23.53 22.36 21.18 20.00 18.83 17.65 
54.82 53.57 52.31 51.06 49.81 48.56 47.30 46.05 44.80 43.55 42.29 41.04 39.79 38.53 37.28 36.03 34.78 33.53 32.27 31.02 
29.77 28.51 27.26 26.01 24.76 23.50 22.25 21.00 19.75 18.49 
57.84 56.51 55.19 53.86 52.53 51.20 49.88 48.55 47.22 45.89 44.56 43.24 41.91 40.58 39.25 37.93 36.60 35.27 33.94 32.62 
31.29 29.96 28.63 27.31 25.98 24.65 23.33 22.00 20.67 19.34 
60.86 59.46 58.06 56.65 55.25 53.85 52.45 51.05 49.64 48.24 46.84 45.43 44.03 42.63 41.23 39.83 38.42 37.02 35.62 34.22 
32.81 31.41 30.01 28.60 27.20 25.80 24.40 22.99 21.59 20.19 
63.89 62.41 60.93 59.45 57.97 56.50 55.02 53.54 52.07 50.59 49.11 47.63 46.15 44.68 43.20 41.72 40.25 38.77 37.29 35.81 
34.33 32.86 31.38 29.90 28.43 26.95 25.47 23.99 22.51 21.04 
66.91 65.35 63.80 62.25 60.70 59.15 57.59 56.04 54.49 52.93 51.38 49.83 48.28 46.72 45.17 43.62 42.07 40.51 38.96 37.41 
35.86 34.31 32.75 31.20 29.65 28.09 26.54 24.99 23.44 21.88 
69.93 68.30 66.67 65.05 63.42 61.79 60.17 58.54 56.91 55.28 53.65 52.03 50.40 48.77 47.15 45.52 43.89 42.26 40.63 39.01 
37.38 35.75 34.12 32.50 30.87 29.24 27.62 25.99 24.36 22.73 
72.95 71.25 69.55 67.85 66.14 64.44 62.74 61.03 59.33 57.63 55.93 54.22 52.52 50.82 49.12 47.42 45.71 44.01 42.31 40.60 
38.90 37.20 35.50 33.79 32.09 30.39 28.69 26.99 25.28 23.58 
75.97 74.20 72.42 70.64 68.86 67.09 65.31 63.53 61.76 59.98 58.20 56.42 54.64 52.87 51.09 49.31 47.53 45.76 43.98 42.20 
40.42 38.65 36.87 35.09 33.32 31.54 29.76 27.98 26.20 24.43 
79.00 77.14 75.29 73.44 71.59 69.74 67.88 66.03 64.18 62.32 60.47 58.62 56.77 54.92 53.06 51.21 49.36 47.51 45.65 43.80 
41.95 40.10 38.24 36.39 34.54 32.69 30.83 28.98 27.13 25.27 
82.02 80.09 78.17 76.24 74.31 72.38 70.45 68.53 66.60 64.67 62.74 60.82 58.89 56.96 55.03 53.11 51.18 49.25 47.32 45.40 
43.47 41.54 39.61 37.69 35.76 33.83 31.90 29.98 28.05 26.12 
85.04 83.04 81.04 79.03 77.03 75.03 73.03 71.02 69.02 67.02 65.02 63.01 61.01 59.01 57.01 55.00 53.00 51.00 49.00 47.00 
44.99 42.99 40.99 38.99 36.98 34.98 32.98 30.97 28.97 26.97 
88.07 85.99 83.91 81.83 79.75 77.68 75.60 73.52 71.44 69.37 67.29 65.21 63.13 61.06 58.98 56.90 54.82 52.75 50.67 48.59 
46.51 44.44 42.36 40.28 38.20 36.13 34.05 31.97 29.89 27.82 
end   dump: C
==END   DUMP_ARRAYS==
