==BEGIN DUMP_ARRAYS==
begin dump: C
0.38 0.15 0.15 0.15 0.15 0.15 0.15 0.15 0.15 0.15 0.15 0.15 0.15 0.15 0.15 0.15 0.15 0.15 0.15 0.15 
0.15 0.15 0.15 0.15 0.15 0.15 0.15 0.15 0.15 0.15 1.71 11.74 0.25 0.30 0.35 0.40 0.45 0.50 0.55 0.60 
0.65 0.70 0.75 0.80 0.85 0.90 0.95 1.00 1.05 1.10 1.15 1.20 1.25 1.30 1.35 1.40 1.45 0.00 0.05 0.10 
1.88 12.30 10.92 0.45 0.55 0.65 0.75 0.85 0.95 1.05 1.15 1.25 1.35 1.45 0.05 0.15 0.25 0.35 0.45 0.55 
0.65 0.75 0.85 0.95 1.05 1.15 1.25 1.35 1.45 0.05 2.11 12.89 14.04 15.17 0.75 0.90 1.05 1.20 1.35 0.00 
0.15 0.30 0.45 0.60 0.75 0.90 1.05 1.20 1.35 0.00 0.15 0.30 0.45 0.60 0.75 0.90 1.05 1.20 1.35 0.00 
2.03 12.57 14.16 15.70 16.04 1.15 1.35 0.05 0.25 0.45 0.65 0.85 1.05 1.25 1.45 0.15 0.35 0.55 0.75 0.95 
1.15 1.35 0.05 0.25 0.45 0.65 0.85 1.05 1.25 1.45 1.91 12.83 12.48 15.06 14.33 13.68 0.15 0.40 0.65 0.90 
1.15 1.40 0.15 0.40 0.65 0.90 1.15 1.40 0.15 0.40 0.65 0.90 1.15 1.40 0.15 0.40 0.65 0.90 1.15 1.40 
1.93 11.52 12.00 15.38 16.37 11.76 12.24 0.75 1.05 1.35 0.15 0.45 0.75 1.05 1.35 0.15 0.45 0.75 1.05 1.35 
0.15 0.45 0.75 1.05 1.35 0.15 0.45 0.75 1.05 1.35 2.01 12.10 13.77 15.31 13.56 13.43 13.38 15.82 1.45 0.30 
0.65 1.00 1.35 0.20 0.55 0.90 1.25 0.10 0.45 0.80 1.15 0.00 0.35 0.70 1.05 1.40 0.25 0.60 0.95 1.30 
2.08 12.93 14.54 15.99 15.05 14.85 14.51 15.51 15.22 0.75 1.15 0.05 0.45 0.85 1.25 0.15 0.55 0.95 1.35 0.25 
0.65 1.05 1.45 0.35 0.75 1.15 0.05 0.45 0.85 1.25 2.11 12.99 13.81 14.15 15.09 14.10 15.74 14.28 13.88 15.89 
0.15 0.60 1.05 0.00 0.45 0.90 1.35 0.30 0.75 1.20 0.15 0.60 1.05 0.00 0.45 0.90 1.35 0.30 0.75 1.20 
1.58 10.10 10.73 10.86 10.98 11.31 9.23 11.01 12.28 10.45 8.38 1.15 0.15 0.65 1.15 0.15 0.65 1.15 0.15 0.65 
1.15 0.15 0.65 1.15 0.15 0.65 1.15 0.15 0.65 1.15 2.06 12.97 15.15 13.81 14.87 13.76 13.02 16.48 13.38 14.57 
11.30 14.49 0.75 1.30 0.35 0.90 1.45 0.50 1.05 0.10 0.65 1.20 0.25 0.80 1.35 0.40 0.95 0.00 0.55 1.10 
1.98 12.82 14.12 14.86 15.91 12.11 15.05 14.74 17.14 15.58 9.88 14.47 14.62 0.45 1.05 0.15 0.75 1.35 0.45 1.05 
0.15 0.75 1.35 0.45 1.05 0.15 0.75 1.35 0.45 1.05 2.16 13.64 14.74 15.27 15.50 13.01 15.53 14.86 14.74 13.85 
10.01 14.91 15.62 16.97 0.25 0.90 0.05 0.70 1.35 0.50 1.15 0.30 0.95 0.10 0.75 1.40 0.55 1.20 0.35 1.00 
2.18 12.77 13.36 15.45 16.34 13.63 15.72 14.96 16.50 15.04 11.23 14.62 14.96 14.55 15.44 0.15 0.85 0.05 0.75 1.45 
0.65 1.35 0.55 1.25 0.45 1.15 0.35 1.05 0.25 0.95 1.51 10.36 9.88 12.38 11.28 12.30 9.81 9.91 11.96 12.38 
10.46 12.08 10.60 12.68 10.93 11.03 0.15 0.90 0.15 0.90 0.15 0.90 0.15 0.90 0.15 0.90 0.15 0.90 0.15 0.90 
2.03 13.11 12.55 14.94 14.62 14.06 12.74 15.88 15.21 15.20 11.93 15.47 16.45 15.38 15.57 11.66 15.84 0.25 1.05 0.35 
1.15 0.45 1.25 0.55 1.35 0.65 1.45 0.75 0.05 0.85 2.06 13.00 11.47 15.86 12.46 15.43 12.93 13.42 13.96 15.34 
11.65 15.92 14.30 15.51 14.66 12.45 12.73 14.42 0.45 1.30 0.65 0.00 0.85 0.20 1.05 0.40 1.25 0.60 1.45 0.80 
1.93 11.84 12.94 13.94 15.55 11.85 13.56 13.81 14.37 15.02 9.43 14.13 15.89 14.30 14.80 9.81 14.86 13.86 13.32 0.75 
0.15 1.05 0.45 1.35 0.75 0.15 1.05 0.45 1.35 0.75 2.01 12.79 13.96 13.20 16.04 13.90 13.94 12.89 15.07 15.74 
10.45 13.92 14.09 14.00 15.09 12.53 14.70 15.03 14.32 14.39 1.15 0.60 0.05 1.00 0.45 1.40 0.85 0.30 1.25 0.70 
1.38 7.83 6.83 6.88 8.43 7.13 5.98 9.18 8.08 7.43 6.53 8.33 7.08 8.38 7.23 6.38 8.53 7.38 6.08 7.78 
2.98 0.15 1.15 0.65 0.15 1.15 0.65 0.15 1.15 0.65 2.11 14.41 15.45 14.51 15.97 15.21 12.86 13.42 16.54 14.57 
11.15 15.79 14.62 14.91 16.32 12.38 15.12 13.98 13.58 14.52 7.03 15.89 0.75 0.30 1.35 0.90 0.45 0.00 1.05 0.60 
2.13 13.55 12.87 16.19 15.01 12.83 14.55 15.02 16.79 15.76 10.88 15.50 15.47 15.79 15.41 10.63 15.30 14.92 14.09 13.81 
7.68 15.50 13.62 1.45 1.05 0.65 0.25 1.35 0.95 0.55 2.06 13.16 12.84 14.99 13.55 16.23 15.09 14.54 13.74 12.72 
11.76 14.24 13.81 14.75 16.75 13.20 13.78 14.74 13.14 13.73 7.43 13.59 15.59 15.42 0.75 0.40 0.05 1.20 0.85 0.50 
1.98 13.74 14.76 15.22 14.49 12.21 16.97 14.88 15.80 14.27 10.08 14.69 16.66 14.67 14.94 10.61 17.67 14.94 14.45 13.86 
7.18 15.94 16.21 13.68 13.54 0.15 1.35 1.05 0.75 0.45 2.01 13.33 13.08 13.76 15.63 13.58 12.06 15.13 16.66 15.01 
11.30 13.35 13.60 15.40 14.63 12.91 14.26 14.23 12.56 14.50 7.83 14.51 12.23 13.73 14.10 15.88 1.15 0.90 0.65 0.40 
2.18 14.11 13.65 17.08 15.12 12.86 13.89 15.07 13.76 16.34 11.18 15.01 16.10 16.14 15.37 11.31 16.09 16.83 13.51 13.95 
6.83 14.26 15.00 15.59 16.32 13.76 16.14 0.75 0.55 0.35 2.11 12.23 14.22 15.29 14.86 14.76 13.22 15.19 14.91 14.51 
11.76 15.25 15.34 16.29 16.41 12.38 16.37 14.25 14.66 11.76 8.08 14.15 16.07 15.11 14.98 15.25 15.53 15.17 0.45 0.30 
2.33 12.38 16.49 18.15 17.70 15.21 17.06 16.76 17.47 15.83 12.43 15.53 18.49 15.80 16.75 12.71 16.16 17.42 15.52 16.73 
8.93 16.58 17.54 16.50 17.25 15.81 16.91 16.76 18.52 0.25 2.50 14.55 15.01 16.30 18.19 16.86 16.65 17.64 16.88 17.54 
12.55 17.32 16.49 16.70 17.54 14.03 16.00 17.59 16.92 18.29 8.43 16.72 17.56 15.47 16.17 16.56 16.04 16.66 17.62 17.99 
end   dump: C
==END   DUMP_ARRAYS==
